texto,dia,hora,buzz1,buzz2,buzz3,contenido
In hac habitasse platea dictumst. Maecenas ut massa quis augue luctus tincidunt. Nulla mollis molestie lorem.,2023-01-15,9:54 PM,,,Automated,https://picsum.photos/id/240/300
"Fusce posuere felis sed lacus. Morbi sem mauris, laoreet ut, rhoncus aliquet, pulvinar sed, nisl. Nunc rhoncus dui vel sem.",2022-12-16,12:35 AM,architecture,,Stand-alone,https://picsum.photos/id/872/300
Suspendisse potenti. Cras in purus eu magna vulputate luctus.,2022-06-05,2:14 PM,,,,https://picsum.photos/id/282/300
Aenean fermentum.,2023-05-23,9:25 PM,,,,
Vivamus in felis eu sapien cursus vestibulum. Proin eu mi. Nulla ac enim.,2022-06-08,3:07 PM,,,,https://picsum.photos/id/974/300
"Donec diam neque, vestibulum eget, vulputate ut, ultrices vel, augue. Vestibulum ante ipsum primis in faucibus orci luctus et ultrices posuere cubilia Curae; Donec pharetra, magna vestibulum aliquet ultrices, erat tortor sollicitudin mi, sit amet lobortis sapien sapien non mi. Integer ac neque.",2023-01-13,6:49 AM,,emulation,,https://picsum.photos/id/260/300
"Integer pede justo, lacinia eget, tincidunt eget, tempus vel, pede.",2022-08-08,9:12 AM,,,,
Nullam sit amet turpis elementum ligula vehicula consequat. Morbi a ipsum. Integer a nibh.,2023-02-11,4:40 AM,,,,https://picsum.photos/id/577/300
"Nam nulla. Integer pede justo, lacinia eget, tincidunt eget, tempus vel, pede. Morbi porttitor lorem id ligula.",2022-08-21,12:12 PM,Multi-lateral,,,https://picsum.photos/id/898/300
Aliquam sit amet diam in magna bibendum imperdiet.,2023-01-31,9:41 AM,,,neutral,https://picsum.photos/id/717/300
"Sed sagittis. Nam congue, risus semper porta volutpat, quam pede lobortis ligula, sit amet eleifend pede libero quis orci. Nullam molestie nibh in lectus.",2022-07-03,12:24 AM,,,4th generation,https://picsum.photos/id/825/300
Duis aliquam convallis nunc.,2022-07-26,11:16 AM,,,mobile,
Nullam molestie nibh in lectus. Pellentesque at nulla.,2022-06-20,10:25 PM,,,archive,https://picsum.photos/id/549/300
"Vivamus metus arcu, adipiscing molestie, hendrerit at, vulputate vitae, nisl. Aenean lectus.",2022-12-16,9:54 AM,,,,https://picsum.photos/id/812/300
Nulla nisl.,2023-02-22,10:39 AM,,,,https://picsum.photos/id/822/300
Morbi non lectus. Aliquam sit amet diam in magna bibendum imperdiet.,2023-02-28,12:06 AM,,,,https://picsum.photos/id/941/300
Phasellus sit amet erat.,2023-03-17,6:21 AM,,,,https://picsum.photos/id/432/300
Praesent blandit lacinia erat. Vestibulum sed magna at nunc commodo placerat. Praesent blandit.,2022-11-11,10:01 AM,,,,
Integer ac leo. Pellentesque ultrices mattis odio.,2022-08-23,8:42 PM,,,,https://picsum.photos/id/910/300
Maecenas ut massa quis augue luctus tincidunt. Nulla mollis molestie lorem. Quisque ut erat.,2023-01-01,2:18 AM,Focused,,,https://picsum.photos/id/115/300
"Nunc nisl. Duis bibendum, felis sed interdum venenatis, turpis enim blandit mi, in porttitor pede justo eu massa. Donec dapibus.",2022-11-18,11:01 AM,,,,https://picsum.photos/id/644/300
Nulla tempus. Vivamus in felis eu sapien cursus vestibulum.,2022-08-21,2:36 PM,,,,
"Vivamus metus arcu, adipiscing molestie, hendrerit at, vulputate vitae, nisl. Aenean lectus.",2022-07-09,7:24 PM,,,,https://picsum.photos/id/493/300
Etiam justo. Etiam pretium iaculis justo.,2022-09-15,4:48 AM,,,,https://picsum.photos/id/226/300
"Vestibulum ante ipsum primis in faucibus orci luctus et ultrices posuere cubilia Curae; Nulla dapibus dolor vel est. Donec odio justo, sollicitudin ut, suscipit a, feugiat et, eros.",2023-01-25,3:25 AM,Persistent,Extended,,
"Nunc rhoncus dui vel sem. Sed sagittis. Nam congue, risus semper porta volutpat, quam pede lobortis ligula, sit amet eleifend pede libero quis orci.",2023-02-02,4:35 AM,bi-directional,,,
"Suspendisse ornare consequat lectus. In est risus, auctor sed, tristique in, tempus sit amet, sem. Fusce consequat.",2022-10-12,1:59 AM,,,,https://picsum.photos/id/200/300
Nulla nisl. Nunc nisl.,2022-10-10,10:25 AM,,,local area network,https://picsum.photos/id/549/300
"Morbi porttitor lorem id ligula. Suspendisse ornare consequat lectus. In est risus, auctor sed, tristique in, tempus sit amet, sem.",2022-11-03,9:36 PM,,,,https://picsum.photos/id/819/300
Fusce posuere felis sed lacus.,2022-10-26,2:59 AM,,clear-thinking,,https://picsum.photos/id/636/300
"Aliquam sit amet diam in magna bibendum imperdiet. Nullam orci pede, venenatis non, sodales sed, tincidunt eu, felis.",2022-12-28,4:35 AM,,,,
"Morbi non lectus. Aliquam sit amet diam in magna bibendum imperdiet. Nullam orci pede, venenatis non, sodales sed, tincidunt eu, felis.",2022-12-24,6:18 AM,,,,https://picsum.photos/id/448/300
Donec posuere metus vitae ipsum.,2022-06-03,2:45 AM,,,circuit,https://picsum.photos/id/170/300
Quisque id justo sit amet sapien dignissim vestibulum.,2022-07-11,8:43 AM,,,,https://picsum.photos/id/415/300
"Lorem ipsum dolor sit amet, consectetuer adipiscing elit.",2023-04-11,10:33 AM,,,,https://picsum.photos/id/457/300
Vestibulum rutrum rutrum neque. Aenean auctor gravida sem.,2023-05-19,11:02 AM,,national,tangible,https://picsum.photos/id/964/300
Sed ante. Vivamus tortor.,2023-03-06,6:15 PM,,,,
"In tempor, turpis nec euismod scelerisque, quam turpis adipiscing lorem, vitae mattis nibh ligula nec sem. Duis aliquam convallis nunc.",2022-08-24,2:36 PM,,,,https://picsum.photos/id/276/300
"Pellentesque ultrices mattis odio. Donec vitae nisi. Nam ultrices, libero non mattis pulvinar, nulla pede ullamcorper augue, a suscipit nulla elit ac nulla.",2022-08-18,11:05 AM,,,,https://picsum.photos/id/182/300
Nulla justo. Aliquam quis turpis eget elit sodales scelerisque. Mauris sit amet eros.,2023-04-05,10:10 AM,,,,https://picsum.photos/id/163/300
Donec quis orci eget orci vehicula condimentum. Curabitur in libero ut massa volutpat convallis.,2022-09-25,1:29 PM,,,,
Duis at velit eu est congue elementum.,2022-08-19,3:09 PM,,,,https://picsum.photos/id/214/300
"Cras in purus eu magna vulputate luctus. Cum sociis natoque penatibus et magnis dis parturient montes, nascetur ridiculus mus. Vivamus vestibulum sagittis sapien.",2022-09-06,12:59 PM,,,,
Donec quis orci eget orci vehicula condimentum. Curabitur in libero ut massa volutpat convallis.,2023-02-10,9:02 AM,,,,
Integer ac leo.,2023-02-28,7:25 AM,,,functionalities,
Etiam faucibus cursus urna. Ut tellus.,2022-12-08,10:04 PM,,,,
"Vestibulum ante ipsum primis in faucibus orci luctus et ultrices posuere cubilia Curae; Donec pharetra, magna vestibulum aliquet ultrices, erat tortor sollicitudin mi, sit amet lobortis sapien sapien non mi. Integer ac neque. Duis bibendum.",2023-03-15,10:06 AM,,,,https://picsum.photos/id/969/300
Suspendisse accumsan tortor quis turpis. Sed ante.,2022-07-12,7:17 PM,,,,
Etiam justo.,2022-06-29,4:07 AM,,,,https://picsum.photos/id/254/300
"Mauris ullamcorper purus sit amet nulla. Quisque arcu libero, rutrum ac, lobortis vel, dapibus at, diam. Nam tristique tortor eu pede.",2022-07-17,4:01 AM,,,,https://picsum.photos/id/242/300
"In tempor, turpis nec euismod scelerisque, quam turpis adipiscing lorem, vitae mattis nibh ligula nec sem. Duis aliquam convallis nunc. Proin at turpis a pede posuere nonummy.",2022-07-27,12:23 AM,,,,
In hac habitasse platea dictumst. Maecenas ut massa quis augue luctus tincidunt. Nulla mollis molestie lorem.,2022-07-16,12:42 AM,,,,
Nulla tempus.,2022-08-06,3:01 AM,,,,
Vestibulum ante ipsum primis in faucibus orci luctus et ultrices posuere cubilia Curae; Duis faucibus accumsan odio.,2022-06-01,9:57 PM,,,,
Morbi a ipsum. Integer a nibh. In quis justo.,2023-05-13,9:28 AM,Streamlined,,,https://picsum.photos/id/890/300
"Fusce congue, diam id ornare imperdiet, sapien urna pretium nisl, ut volutpat sapien arcu sed augue. Aliquam erat volutpat.",2022-06-10,2:16 PM,bandwidth-monitored,,,
"Quisque porta volutpat erat. Quisque erat eros, viverra eget, congue eget, semper rutrum, nulla.",2023-03-08,4:32 PM,,,emulation,https://picsum.photos/id/971/300
Phasellus sit amet erat.,2022-08-01,6:23 PM,,,,https://picsum.photos/id/815/300
"In tempor, turpis nec euismod scelerisque, quam turpis adipiscing lorem, vitae mattis nibh ligula nec sem.",2022-07-26,3:45 PM,,Upgradable,clear-thinking,
Integer a nibh. In quis justo. Maecenas rhoncus aliquam lacus.,2023-05-15,9:33 PM,,,,https://picsum.photos/id/453/300
Duis consequat dui nec nisi volutpat eleifend. Donec ut dolor. Morbi vel lectus in quam fringilla rhoncus.,2022-12-19,10:46 AM,Multi-channelled,,,https://picsum.photos/id/840/300
"Praesent lectus. Vestibulum quam sapien, varius ut, blandit non, interdum in, ante.",2023-01-16,7:35 PM,,,,https://picsum.photos/id/815/300
Donec posuere metus vitae ipsum. Aliquam non mauris. Morbi non lectus.,2022-12-06,6:25 AM,,Intuitive,,https://picsum.photos/id/665/300
Donec quis orci eget orci vehicula condimentum. Curabitur in libero ut massa volutpat convallis.,2022-12-24,4:51 PM,,,,
Nullam molestie nibh in lectus.,2023-02-04,7:23 AM,bottom-line,,,https://picsum.photos/id/882/300
Vivamus in felis eu sapien cursus vestibulum. Proin eu mi.,2022-12-18,9:47 PM,,,,https://picsum.photos/id/851/300
Suspendisse accumsan tortor quis turpis. Sed ante. Vivamus tortor.,2023-01-15,5:53 PM,,budgetary management,,https://picsum.photos/id/863/300
Etiam faucibus cursus urna. Ut tellus.,2023-03-16,7:25 AM,,asynchronous,,https://picsum.photos/id/318/300
Nulla mollis molestie lorem. Quisque ut erat. Curabitur gravida nisi at nibh.,2023-01-26,5:28 PM,,,,https://picsum.photos/id/241/300
Donec dapibus.,2023-04-16,7:15 AM,,,,
Etiam vel augue.,2022-10-24,10:26 PM,,,,https://picsum.photos/id/554/300
Nulla nisl.,2023-02-06,5:40 AM,,,,https://picsum.photos/id/648/300
"Nulla neque libero, convallis eget, eleifend luctus, ultricies eu, nibh. Quisque id justo sit amet sapien dignissim vestibulum.",2023-02-06,6:54 PM,Ergonomic,,,https://picsum.photos/id/714/300
Phasellus in felis. Donec semper sapien a libero. Nam dui.,2023-04-25,3:28 PM,,Universal,,https://picsum.photos/id/677/300
Nullam varius. Nulla facilisi.,2022-11-28,2:49 AM,,,,https://picsum.photos/id/626/300
In sagittis dui vel nisl. Duis ac nibh.,2022-09-24,10:23 AM,,process improvement,,https://picsum.photos/id/778/300
"Maecenas tristique, est et tempus semper, est quam pharetra magna, ac consequat metus sapien ut nunc. Vestibulum ante ipsum primis in faucibus orci luctus et ultrices posuere cubilia Curae; Mauris viverra diam vitae quam.",2022-06-04,5:00 PM,,,,https://picsum.photos/id/878/300
Fusce consequat. Nulla nisl.,2022-12-09,3:14 PM,,foreground,,
Sed vel enim sit amet nunc viverra dapibus. Nulla suscipit ligula in lacus.,2023-03-22,4:55 PM,Team-oriented,,,https://picsum.photos/id/922/300
Morbi non quam nec dui luctus rutrum.,2023-02-09,7:18 PM,,,,https://picsum.photos/id/516/300
Curabitur convallis. Duis consequat dui nec nisi volutpat eleifend. Donec ut dolor.,2022-12-30,12:53 PM,,,,https://picsum.photos/id/449/300
Praesent blandit lacinia erat. Vestibulum sed magna at nunc commodo placerat. Praesent blandit.,2023-01-30,10:14 PM,Cloned,,,https://picsum.photos/id/759/300
Aenean lectus. Pellentesque eget nunc. Donec quis orci eget orci vehicula condimentum.,2023-05-05,9:33 PM,,,optimal,
Aenean fermentum. Donec ut mauris eget massa tempor convallis.,2023-04-17,5:32 PM,,,,https://picsum.photos/id/602/300
Vestibulum sed magna at nunc commodo placerat. Praesent blandit.,2022-09-27,5:37 AM,,,,https://picsum.photos/id/668/300
"Integer aliquet, massa id lobortis convallis, tortor risus dapibus augue, vel accumsan tellus nisi eu orci. Mauris lacinia sapien quis libero. Nullam sit amet turpis elementum ligula vehicula consequat.",2022-07-08,12:00 PM,Multi-tiered,,,https://picsum.photos/id/148/300
Phasellus in felis. Donec semper sapien a libero.,2023-04-02,9:15 PM,,,,https://picsum.photos/id/244/300
Duis bibendum. Morbi non quam nec dui luctus rutrum.,2022-09-24,7:17 AM,,,Organized,https://picsum.photos/id/322/300
"Vestibulum ac est lacinia nisi venenatis tristique. Fusce congue, diam id ornare imperdiet, sapien urna pretium nisl, ut volutpat sapien arcu sed augue.",2022-06-05,7:08 PM,encryption,,,https://picsum.photos/id/149/300
Nulla facilisi. Cras non velit nec nisi vulputate nonummy. Maecenas tincidunt lacus at velit.,2022-10-11,9:09 PM,,,,https://picsum.photos/id/613/300
Suspendisse accumsan tortor quis turpis. Sed ante. Vivamus tortor.,2023-05-23,9:46 PM,,,orchestration,https://picsum.photos/id/398/300
Etiam justo.,2022-08-16,1:30 AM,,,transitional,https://picsum.photos/id/786/300
Vestibulum ante ipsum primis in faucibus orci luctus et ultrices posuere cubilia Curae; Duis faucibus accumsan odio.,2022-06-02,10:38 PM,,,,https://picsum.photos/id/703/300
Sed ante.,2023-02-09,8:41 PM,,,,
"Integer pede justo, lacinia eget, tincidunt eget, tempus vel, pede. Morbi porttitor lorem id ligula.",2023-04-02,10:24 PM,moratorium,,,https://picsum.photos/id/530/300
Donec posuere metus vitae ipsum. Aliquam non mauris.,2022-06-18,7:52 PM,,,,
Vestibulum sed magna at nunc commodo placerat.,2022-06-06,10:20 AM,,,,https://picsum.photos/id/823/300
"Nulla ac enim. In tempor, turpis nec euismod scelerisque, quam turpis adipiscing lorem, vitae mattis nibh ligula nec sem. Duis aliquam convallis nunc.",2022-09-17,2:05 PM,Virtual,,,https://picsum.photos/id/584/300
"Quisque porta volutpat erat. Quisque erat eros, viverra eget, congue eget, semper rutrum, nulla. Nunc purus.",2022-10-04,12:01 PM,challenge,,,https://picsum.photos/id/459/300
"Donec vitae nisi. Nam ultrices, libero non mattis pulvinar, nulla pede ullamcorper augue, a suscipit nulla elit ac nulla.",2023-03-27,7:55 PM,,,moratorium,